version https://git-lfs.github.com/spec/v1
oid sha256:f3b388036f6cb9e107d2ec8dda5b6a6d1ee88178e6fc947aafa208af74c2f55f
size 51399
