version https://git-lfs.github.com/spec/v1
oid sha256:a9f38373b07d466fba551428403e80b7d272ccaf98a1a7fffdcf4b1178a69802
size 31711
