version https://git-lfs.github.com/spec/v1
oid sha256:5d441f7e6adafa2da4dc09bfee84c67b723e7760f43888e2546400278606a810
size 28411
