version https://git-lfs.github.com/spec/v1
oid sha256:b772c191db3c173bffe7ff9022deea6d86bbf35e8dcf3c40294dfb8c465147e2
size 16952
