version https://git-lfs.github.com/spec/v1
oid sha256:be57abe41002617f2317bc9517b9bebca0f05ddd588474b97308540defa4881d
size 47387
