version https://git-lfs.github.com/spec/v1
oid sha256:c7cff0bf78276e778e402a3d011e2eeb2265c25cd359258670617aaf1f8c6ac4
size 47811
