version https://git-lfs.github.com/spec/v1
oid sha256:ed75b666a34e3cada5d36eb7f1318f6a59d7b4ab8120b19e01463fa5fe184366
size 49042
