version https://git-lfs.github.com/spec/v1
oid sha256:1207e94beac69ed5d19704fdc5f9b84ece13338ff20061af8f8ff7ab883300af
size 51080
